550,715,27,50,1,4,1,0
365,723,27,42,1,4,1,1
483,688,25,56,1,4,0,0
599,535,25,56,1,4,0,0
746,488,26,57,1,4,0,1
529,340,24,51,1,4,0,0
406,394,21,48,1,4,0,1
435,342,32,69,0,11,0,1
566,188,22,48,1,4,0,0
636,190,23,47,1,4,0,0
727,188,22,47,1,4,0,1
804,112,30,49,1,4,0,0
617,96,24,45,1,4,0,0
522,46,24,48,1,4,0,0
626,14,20,26,1,4,1,0
751,15,20,30,1,4,1,1
1056,112,50,22,1,4,0,1
1038,421,54,26,1,4,0,0
1093,491,54,24,1,4,0,0
1067,551,54,24,1,4,0,0
724,605,9,19,1,4,0,1
643,567,8,19,1,4,0,1
654,369,8,19,1,4,0,1
724,403,12,24,1,7,0,1
412,164,9,19,1,10,0,1
0,21,21,39,1,4,1,1
659,35,7,19,1,10,0,1
716,34,8,17,1,3,0,1
659,38,7,11,1,2,0,1
717,35,7,10,1,2,0,0
413,165,6,13,1,2,0,1
730,617,5,13,1,2,0,1
640,583,5,10,1,2,0,1
719,398,8,10,1,2,0,1
658,365,8,10,1,2,0,1
397,537,7,8,1,1,0,0
350,551,7,9,1,1,0,0
1104,719,18,10,1,1,0,0
330,579,9,17,1,3,0,1
330,579,8,11,1,2,0,1
