240,0,31,9,0,0,0,0
237,7,9,7,1,4,0,0
262,25,10,9,1,4,0,0
253,26,12,10,1,4,0,0
276,5,6,6,1,4,0,1
284,11,8,7,1,4,0,0
286,29,13,10,1,4,0,0
313,23,13,8,1,4,0,0
302,20,9,9,1,4,0,0
296,11,8,7,0,0,0,0
319,23,4,8,1,2,0,1
226,50,6,14,1,1,0,0
200,1,38,12,0,0,0,0
195,20,24,9,1,4,0,1
178,35,14,11,1,4,0,0
159,61,21,23,1,5,0,0
252,58,21,22,1,4,0,0
209,104,24,22,1,4,0,0
288,133,53,27,1,4,0,0
322,48,15,12,1,4,0,0
323,52,20,17,1,4,0,0
280,105,38,33,1,6,0,0
111,56,9,16,1,1,0,0
118,42,7,12,1,1,0,0
34,209,75,34,1,4,1,0
141,501,36,38,1,2,1,1
138,502,44,38,1,10,1,1
406,290,93,101,1,4,0,0
323,185,60,45,1,4,0,0
772,228,188,135,1,6,0,0
888,330,62,45,1,10,0,1
791,271,45,39,1,10,0,1
739,213,98,63,1,4,0,1
644,211,82,53,1,4,0,0
651,191,10,29,1,1,0,0
747,183,27,21,1,3,0,0
434,119,76,67,1,6,0,0
321,127,35,31,1,4,0,0
215,123,22,28,1,7,0,0
383,92,61,32,1,4,0,0
394,96,7,12,1,2,0,1
393,97,9,16,1,10,0,1
359,46,17,14,1,4,0,0
338,37,13,9,1,4,0,1
343,20,11,9,1,4,0,0
402,96,24,18,1,4,0,0
391,95,37,24,1,4,0,0
450,171,11,24,1,2,0,1
451,178,11,21,1,3,0,1
531,147,11,20,1,1,0,0
491,163,31,21,1,4,0,2
469,91,50,20,1,4,0,0
723,165,25,24,1,10,0,0
602,152,85,34,1,4,0,1
661,173,72,27,1,4,0,1
563,160,67,29,1,4,0,1
600,133,10,25,1,1,0,0
621,131,58,30,1,4,0,0
660,98,60,26,1,4,0,1
655,86,5,17,1,1,0,0
662,83,7,16,1,1,0,0
604,66,35,20,1,4,0,0
614,75,32,18,1,4,0,1
564,75,32,19,1,4,0,1
530,73,38,23,1,4,0,1
494,97,35,22,1,4,0,1
511,74,5,17,1,1,0,0
169,21,9,8,1,4,0,0
