101,41,19,18,1,10,0,0
48,92,34,28,1,10,0,0
149,64,12,26,1,2,0,0
54,142,16,33,1,1,0,0
28,166,27,25,1,3,0,0
31,154,16,31,1,2,0,0
163,168,20,34,1,1,0,0
190,132,14,34,1,1,0,0
203,135,15,33,1,1,0,0
211,132,15,32,1,1,0,1
151,137,42,43,1,4,0,1
287,37,48,38,1,4,0,0
418,125,39,41,1,4,0,0
503,43,7,23,1,1,0,1
514,78,63,40,1,4,0,0
634,0,8,27,1,1,0,0
624,60,14,19,1,3,0,0
625,51,12,22,1,2,0,0
54,450,100,88,1,7,1,0
22,328,149,99,1,4,0,0
334,604,185,161,1,4,0,0
457,464,136,96,1,4,0,0
436,278,92,70,1,4,0,0
409,293,95,70,1,4,0,0
473,216,81,55,1,4,0,0
569,384,73,118,1,4,0,0
519,597,129,168,1,4,0,0
739,158,66,46,1,4,0,1
746,128,32,29,1,7,0,1
736,115,10,26,1,2,0,1
748,39,49,38,1,4,0,0
850,43,39,40,1,5,0,1
820,74,44,46,1,5,0,1
896,0,38,32,1,4,0,1
923,246,16,38,1,1,0,0
945,225,56,61,1,4,0,0
1137,630,60,92,1,7,1,0
1113,704,30,53,1,2,0,1
1131,701,26,55,1,2,0,1
1088,447,41,39,1,3,0,0
1097,433,28,40,1,2,0,0
1143,496,30,40,1,3,0,1
1153,491,36,46,1,1,0,0
1295,363,65,66,1,4,0,0
1227,293,74,40,1,7,0,1
1293,276,25,40,1,1,0,0
1073,257,114,70,1,4,0,0
1102,274,41,26,1,10,0,1
1118,267,18,38,1,1,0,1
1063,256,95,60,1,5,0,1
1071,196,49,50,1,5,0,0
1096,139,11,23,1,3,0,1
1096,130,13,22,1,2,0,0
1144,158,48,42,1,4,0,1
1109,84,59,43,1,4,0,1
1130,67,41,30,1,4,0,1
1199,111,16,35,1,1,0,0
1245,124,91,35,1,4,0,1
1168,109,84,40,1,4,0,1
1193,174,13,32,1,1,0,0
1220,189,17,35,1,1,0,0
1206,189,17,36,1,1,0,0
1211,176,18,38,1,1,0,1
1330,197,17,31,1,2,0,0
1280,41,80,40,1,4,0,2
1316,32,12,29,1,1,0,0
1344,21,10,29,1,1,1,0
1302,3,58,25,1,4,0,1
1188,69,35,43,1,4,0,2
