27,612,24,29,1,2,0,0
53,587,20,21,1,2,0,1
61,580,28,28,1,1,0,0
125,713,45,20,1,10,0,1
134,712,24,22,1,2,0,1
396,700,43,22,1,3,0,1
407,699,24,21,1,2,0,1
556,707,41,21,1,10,0,1
571,707,17,22,1,2,0,1
561,510,51,101,1,4,0,0
628,609,51,110,1,4,0,0
756,535,55,107,1,4,0,0
796,525,52,108,1,4,0,0
891,631,61,107,1,4,0,0
1027,566,63,115,1,4,0,0
1156,645,69,103,1,4,0,1
201,403,40,22,1,3,0,1
206,399,19,22,1,2,0,1
27,467,77,89,1,4,1,1
68,443,37,42,0,11,0,1
263,435,18,26,1,1,0,0
237,571,87,110,1,4,0,0
394,532,51,98,1,4,0,0
462,480,55,110,1,4,0,0
507,560,39,76,1,4,0,0
1127,546,23,23,1,1,0,0
1167,494,22,24,1,1,0,0
1287,450,32,23,1,3,0,0
1236,521,25,21,1,1,0,1
1222,515,26,25,1,1,0,1
1201,521,20,20,1,1,0,1
1187,522,17,18,1,1,0,1
1101,315,24,46,1,7,0,0
1040,281,98,47,1,4,0,0
1052,287,31,17,1,10,0,1
1063,281,16,22,1,1,0,1
1034,260,30,21,1,10,0,0
1048,91,31,22,1,10,0,0
1104,56,20,21,1,10,0,1
888,136,36,63,1,4,0,0
812,100,39,53,1,4,0,0
738,90,36,54,1,4,0,0
678,86,35,58,1,4,0,0
653,148,13,28,1,1,0,0
557,117,16,18,1,2,0,1
535,26,6,21,1,1,0,0
489,118,40,50,1,4,0,0
582,180,90,47,1,4,0,0
398,124,41,56,1,4,0,0
459,153,14,27,1,1,0,1
407,84,12,28,1,1,0,0
423,66,16,20,1,2,0,0
237,51,7,8,1,2,0,0
246,28,7,17,1,1,0,1
252,17,12,24,1,1,0,1
259,25,12,21,1,1,0,2
181,25,7,14,1,2,0,1
175,141,15,18,1,2,0,0
112,156,23,27,1,3,0,0
171,193,16,27,1,1,0,0
155,224,21,31,1,1,0,0
125,201,27,25,1,10,0,0
94,196,26,27,1,10,0,0
23,258,38,18,1,10,0,1
20,279,35,20,1,3,0,1
24,271,24,28,1,2,0,1
30,292,21,27,1,2,0,1
23,300,37,16,1,3,0,1
8,326,39,19,1,3,0,1
11,322,22,29,1,2,0,1
373,254,55,82,1,4,0,0
418,254,48,66,1,4,0,0
502,255,57,79,1,4,0,0
558,332,50,75,1,4,0,0
618,286,44,74,1,4,0,0
615,371,48,88,1,4,0,0
707,284,41,78,1,4,0,0
811,351,41,76,1,4,0,0
757,450,46,89,1,4,0,0
826,186,17,29,1,1,0,0
828,175,17,31,1,1,0,1
