240,0,31,9,0,0,0,0
238,8,9,7,1,4,0,0
253,24,10,9,1,4,0,0
252,35,12,10,1,4,0,0
281,6,6,6,1,4,0,1
277,11,8,7,1,4,0,0
297,31,13,10,1,4,0,0
301,24,13,8,1,4,0,0
301,13,9,9,1,4,0,0
296,11,8,7,0,0,0,0
319,23,4,8,1,2,0,1
226,50,6,14,1,1,0,0
200,1,38,12,0,0,0,0
193,27,24,9,1,4,0,1
176,25,14,11,1,4,0,0
154,82,21,23,1,5,0,0
272,62,21,22,1,4,0,0
211,82,24,22,1,4,0,0
242,130,53,27,1,4,0,0
321,58,15,12,1,4,0,0
327,53,20,17,1,4,0,0
315,101,38,33,1,6,0,0
111,56,9,16,1,1,0,0
118,42,7,12,1,1,0,0
24,178,75,34,1,4,1,0
141,501,36,38,1,2,1,1
138,502,44,38,1,10,1,1
492,304,93,101,1,4,0,0
272,230,60,45,1,4,0,0
641,264,188,135,1,6,0,0
888,330,62,45,1,10,0,1
791,271,45,39,1,10,0,1
654,275,98,63,1,4,0,1
627,259,82,53,1,4,0,0
651,191,10,29,1,1,0,0
747,183,27,21,1,3,0,0
443,126,76,67,1,6,0,0
351,128,35,31,1,4,0,0
233,127,22,28,1,7,0,0
372,96,61,32,1,4,0,0
394,96,7,12,1,2,0,1
393,97,9,16,1,10,0,1
357,45,17,14,1,4,0,0
350,30,13,9,1,4,0,1
334,22,11,9,1,4,0,0
406,82,24,18,1,4,0,0
400,97,37,24,1,4,0,0
450,171,11,24,1,2,0,1
451,178,11,21,1,3,0,1
531,147,11,20,1,1,0,0
519,144,31,21,1,4,0,2
514,108,50,20,1,4,0,0
723,165,25,24,1,10,0,0
605,183,85,34,1,4,0,1
652,149,72,27,1,4,0,1
575,154,67,29,1,4,0,1
600,133,10,25,1,1,0,0
569,106,58,30,1,4,0,0
609,120,60,26,1,4,0,1
655,86,5,17,1,1,0,0
662,83,7,16,1,1,0,0
610,70,35,20,1,4,0,0
589,76,32,18,1,4,0,1
589,93,32,19,1,4,0,1
533,93,38,23,1,4,0,1
525,93,35,22,1,4,0,1
511,74,5,17,1,1,0,0
167,14,9,8,1,4,0,0
