524,715,27,50,1,4,1,0
389,723,27,42,1,4,1,1
486,677,25,56,1,4,0,0
577,586,25,56,1,4,0,0
721,441,26,57,1,4,0,1
508,387,24,51,1,4,0,0
403,434,21,48,1,4,0,1
435,342,32,69,0,11,0,1
562,229,22,48,1,4,0,0
616,200,23,47,1,4,0,0
745,176,22,47,1,4,0,1
774,152,30,49,1,4,0,0
596,54,24,45,1,4,0,0
525,53,24,48,1,4,0,0
645,0,20,26,1,4,1,0
748,11,20,30,1,4,1,1
1070,130,50,22,1,4,0,1
1048,397,54,26,1,4,0,0
1041,487,54,24,1,4,0,0
1023,547,54,24,1,4,0,0
725,623,9,19,1,4,0,1
642,584,8,19,1,4,0,1
655,353,8,19,1,4,0,1
712,401,12,24,1,7,0,1
412,164,9,19,1,10,0,1
7,55,21,39,1,4,1,1
659,35,7,19,1,10,0,1
716,34,8,17,1,3,0,1
659,38,7,11,1,2,0,1
717,35,7,10,1,2,0,0
413,165,6,13,1,2,0,1
730,617,5,13,1,2,0,1
640,583,5,10,1,2,0,1
719,398,8,10,1,2,0,1
658,365,8,10,1,2,0,1
397,537,7,8,1,1,0,0
350,551,7,9,1,1,0,0
1104,719,18,10,1,1,0,0
330,579,9,17,1,3,0,1
330,579,8,11,1,2,0,1
