240,0,31,9,0,0,0,0
237,8,9,7,1,4,0,0
254,17,10,9,1,4,0,0
242,29,12,10,1,4,0,0
277,10,6,6,1,4,0,1
283,11,8,7,1,4,0,0
288,38,13,10,1,4,0,0
302,31,13,8,1,4,0,0
300,19,9,9,1,4,0,0
296,11,8,7,0,0,0,0
319,23,4,8,1,2,0,1
226,50,6,14,1,1,0,0
200,1,38,12,0,0,0,0
174,20,24,9,1,4,0,1
177,32,14,11,1,4,0,0
156,64,21,23,1,5,0,0
257,61,21,22,1,4,0,0
210,99,24,22,1,4,0,0
280,128,53,27,1,4,0,0
320,49,15,12,1,4,0,0
327,54,20,17,1,4,0,0
312,76,38,33,1,6,0,0
111,56,9,16,1,1,0,0
118,42,7,12,1,1,0,0
32,177,75,34,1,4,1,0
141,501,36,38,1,2,1,1
138,502,44,38,1,10,1,1
492,383,93,101,1,4,0,0
317,197,60,45,1,4,0,0
772,364,188,135,1,6,0,0
888,330,62,45,1,10,0,1
791,271,45,39,1,10,0,1
734,228,98,63,1,4,0,1
571,214,82,53,1,4,0,0
651,191,10,29,1,1,0,0
747,183,27,21,1,3,0,0
444,183,76,67,1,6,0,0
354,152,35,31,1,4,0,0
218,128,22,28,1,7,0,0
376,123,61,32,1,4,0,0
394,96,7,12,1,2,0,1
393,97,9,16,1,10,0,1
355,34,17,14,1,4,0,0
351,29,13,9,1,4,0,1
333,29,11,9,1,4,0,0
405,82,24,18,1,4,0,0
398,116,37,24,1,4,0,0
450,171,11,24,1,2,0,1
451,178,11,21,1,3,0,1
531,147,11,20,1,1,0,0
516,161,31,21,1,4,0,2
478,92,50,20,1,4,0,0
723,165,25,24,1,10,0,0
668,158,85,34,1,4,0,1
650,147,72,27,1,4,0,1
625,132,67,29,1,4,0,1
600,133,10,25,1,1,0,0
617,129,58,30,1,4,0,0
654,103,60,26,1,4,0,1
655,86,5,17,1,1,0,0
662,83,7,16,1,1,0,0
612,69,35,20,1,4,0,0
587,78,32,18,1,4,0,1
568,78,32,19,1,4,0,1
564,76,38,23,1,4,0,1
526,92,35,22,1,4,0,1
511,74,5,17,1,1,0,0
160,20,9,8,1,4,0,0
