525,698,27,50,1,4,1,0
367,723,27,42,1,4,1,1
505,635,25,56,1,4,0,0
594,539,25,56,1,4,0,0
723,482,26,57,1,4,0,1
525,389,24,51,1,4,0,0
387,402,21,48,1,4,0,1
435,342,32,69,0,11,0,1
562,194,22,48,1,4,0,0
616,200,23,47,1,4,0,0
728,141,22,47,1,4,0,1
798,113,30,49,1,4,0,0
593,53,24,45,1,4,0,0
523,87,24,48,1,4,0,0
645,0,20,26,1,4,1,0
731,10,20,30,1,4,1,1
1068,116,50,22,1,4,0,1
1084,417,54,26,1,4,0,0
1081,489,54,24,1,4,0,0
1016,549,54,24,1,4,0,0
732,621,9,19,1,4,0,1
642,570,8,19,1,4,0,1
655,366,8,19,1,4,0,1
713,383,12,24,1,7,0,1
412,164,9,19,1,10,0,1
9,26,21,39,1,4,1,1
659,35,7,19,1,10,0,1
716,34,8,17,1,3,0,1
659,38,7,11,1,2,0,1
717,35,7,10,1,2,0,0
413,165,6,13,1,2,0,1
730,617,5,13,1,2,0,1
640,583,5,10,1,2,0,1
719,398,8,10,1,2,0,1
658,365,8,10,1,2,0,1
397,537,7,8,1,1,0,0
350,551,7,9,1,1,0,0
1104,719,18,10,1,1,0,0
330,579,9,17,1,3,0,1
330,579,8,11,1,2,0,1
