101,41,19,18,1,10,0,0
48,92,34,28,1,10,0,0
149,64,12,26,1,2,0,0
54,142,16,33,1,1,0,0
28,166,27,25,1,3,0,0
31,154,16,31,1,2,0,0
163,168,20,34,1,1,0,0
190,132,14,34,1,1,0,0
203,135,15,33,1,1,0,0
211,132,15,32,1,1,0,1
184,127,42,43,1,4,0,1
279,69,48,38,1,4,0,0
388,113,39,41,1,4,0,0
503,43,7,23,1,1,0,1
497,49,63,40,1,4,0,0
634,0,8,27,1,1,0,0
624,60,14,19,1,3,0,0
625,51,12,22,1,2,0,0
27,429,100,88,1,7,1,0
140,411,149,99,1,4,0,0
293,550,185,161,1,4,0,0
348,443,136,96,1,4,0,0
411,255,92,70,1,4,0,0
481,241,95,70,1,4,0,0
535,202,81,55,1,4,0,0
586,464,73,118,1,4,0,0
617,556,129,168,1,4,0,0
686,147,66,46,1,4,0,1
736,122,32,29,1,7,0,1
736,115,10,26,1,2,0,1
762,48,49,38,1,4,0,0
824,35,39,40,1,5,0,1
834,40,44,46,1,5,0,1
924,0,38,32,1,4,0,1
923,246,16,38,1,1,0,0
987,274,56,61,1,4,0,0
1094,647,60,92,1,7,1,0
1113,704,30,53,1,2,0,1
1131,701,26,55,1,2,0,1
1088,447,41,39,1,3,0,0
1097,433,28,40,1,2,0,0
1143,496,30,40,1,3,0,1
1153,491,36,46,1,1,0,0
1286,348,65,66,1,4,0,0
1281,262,74,40,1,7,0,1
1293,276,25,40,1,1,0,0
1153,311,114,70,1,4,0,0
1102,274,41,26,1,10,0,1
1118,267,18,38,1,1,0,1
1133,211,95,60,1,5,0,1
1108,163,49,50,1,5,0,0
1096,139,11,23,1,3,0,1
1096,130,13,22,1,2,0,0
1130,125,48,42,1,4,0,1
1153,119,59,43,1,4,0,1
1161,74,41,30,1,4,0,1
1199,111,16,35,1,1,0,0
1176,100,91,35,1,4,0,1
1230,98,84,40,1,4,0,1
1193,174,13,32,1,1,0,0
1220,189,17,35,1,1,0,0
1206,189,17,36,1,1,0,0
1211,176,18,38,1,1,0,1
1330,197,17,31,1,2,0,0
1220,51,80,40,1,4,0,2
1316,32,12,29,1,1,0,0
1344,21,10,29,1,1,1,0
1295,12,58,25,1,4,0,1
1164,56,35,43,1,4,0,2
