544,706,27,50,1,4,1,0
386,714,27,42,1,4,1,1
501,673,25,56,1,4,0,0
593,553,25,56,1,4,0,0
737,444,26,57,1,4,0,1
511,381,24,51,1,4,0,0
400,403,21,48,1,4,0,1
435,342,32,69,0,11,0,1
547,223,22,48,1,4,0,0
629,204,23,47,1,4,0,0
734,174,22,47,1,4,0,1
796,127,30,49,1,4,0,0
609,83,24,45,1,4,0,0
526,83,24,48,1,4,0,0
643,8,20,26,1,4,1,0
736,9,20,30,1,4,1,1
1096,117,50,22,1,4,0,1
1079,398,54,26,1,4,0,0
1047,472,54,24,1,4,0,0
1053,533,54,24,1,4,0,0
727,610,9,19,1,4,0,1
637,582,8,19,1,4,0,1
656,365,8,19,1,4,0,1
714,398,12,24,1,7,0,1
412,164,9,19,1,10,0,1
3,53,21,39,1,4,1,1
659,35,7,19,1,10,0,1
716,34,8,17,1,3,0,1
659,38,7,11,1,2,0,1
717,35,7,10,1,2,0,0
413,165,6,13,1,2,0,1
730,617,5,13,1,2,0,1
640,583,5,10,1,2,0,1
719,398,8,10,1,2,0,1
658,365,8,10,1,2,0,1
397,537,7,8,1,1,0,0
350,551,7,9,1,1,0,0
1104,719,18,10,1,1,0,0
330,579,9,17,1,3,0,1
330,579,8,11,1,2,0,1
