240,0,31,9,0,0,0,0
239,9,9,7,1,4,0,0
260,23,10,9,1,4,0,0
251,29,12,10,1,4,0,0
278,10,6,6,1,4,0,1
278,16,8,7,1,4,0,0
295,37,13,10,1,4,0,0
309,29,13,8,1,4,0,0
295,13,9,9,1,4,0,0
296,11,8,7,0,0,0,0
319,23,4,8,1,2,0,1
226,50,6,14,1,1,0,0
200,1,38,12,0,0,0,0
189,26,24,9,1,4,0,1
167,31,14,11,1,4,0,0
141,69,21,23,1,5,0,0
258,75,21,22,1,4,0,0
213,96,24,22,1,4,0,0
246,112,53,27,1,4,0,0
311,51,15,12,1,4,0,0
330,64,20,17,1,4,0,0
309,77,38,33,1,6,0,0
111,56,9,16,1,1,0,0
118,42,7,12,1,1,0,0
21,196,75,34,1,4,1,0
141,501,36,38,1,2,1,1
138,502,44,38,1,10,1,1
477,325,93,101,1,4,0,0
310,198,60,45,1,4,0,0
666,282,188,135,1,6,0,0
888,330,62,45,1,10,0,1
791,271,45,39,1,10,0,1
665,238,98,63,1,4,0,1
581,249,82,53,1,4,0,0
651,191,10,29,1,1,0,0
747,183,27,21,1,3,0,0
486,136,76,67,1,6,0,0
346,132,35,31,1,4,0,0
231,132,22,28,1,7,0,0
334,102,61,32,1,4,0,0
394,96,7,12,1,2,0,1
393,97,9,16,1,10,0,1
353,35,17,14,1,4,0,0
341,30,13,9,1,4,0,1
334,27,11,9,1,4,0,0
421,83,24,18,1,4,0,0
420,114,37,24,1,4,0,0
450,171,11,24,1,2,0,1
451,178,11,21,1,3,0,1
531,147,11,20,1,1,0,0
498,158,31,21,1,4,0,2
510,96,50,20,1,4,0,0
723,165,25,24,1,10,0,0
663,180,85,34,1,4,0,1
642,152,72,27,1,4,0,1
617,152,67,29,1,4,0,1
600,133,10,25,1,1,0,0
577,123,58,30,1,4,0,0
617,104,60,26,1,4,0,1
655,86,5,17,1,1,0,0
662,83,7,16,1,1,0,0
618,71,35,20,1,4,0,0
592,89,32,18,1,4,0,1
570,81,32,19,1,4,0,1
539,90,38,23,1,4,0,1
522,91,35,22,1,4,0,1
511,74,5,17,1,1,0,0
166,19,9,8,1,4,0,0
